thread list: [1, 2, 4, 8, 16, 24, 32, 40]
time info list: [[74, 35, 20, 11, 9, 10, 11, 10], [333, 160, 84, 46, 24, 26, 22, 16], [120, 61, 32, 17, 10, 8, 10, 11], [48, 59, 52, 48, 43, 53, 45, 45], [37, 46, 37, 37, 37, 44, 36, 38], [615, 364, 227, 162, 124, 143, 125, 122]]
thread list: [1, 2, 4, 8, 16, 24, 32, 40]
time info list: [[912, 502, 236, 118, 75, 93, 62, 59], [7355, 4308, 2386, 1392, 934, 917, 656, 543], [1752, 1006, 456, 226, 112, 98, 123, 117], [65, 67, 65, 65, 73, 80, 45, 55], [94, 94, 85, 98, 101, 104, 59, 79], [10181, 5979, 3230, 1901, 1297, 1293, 946, 856]]
thread list: [1, 2, 4, 8, 16, 24, 32, 40]
time info list: [[1435, 957, 523, 255, 158, 124, 120, 121], [18931, 9775, 5600, 3247, 2132, 1582, 1226, 1344], [3640, 1786, 821, 555, 408, 257, 227, 224], [700, 823, 654, 724, 431, 368, 531, 510], [402, 436, 402, 403, 360, 306, 387, 410], [25110, 13780, 8002, 5187, 3491, 2638, 2494, 2611]]
thread list: [1, 2, 4, 8, 16, 24, 32, 40]
time info list: [[3861, 2201, 1284, 726, 553, 473, 267, 315], [163193, 83070, 43990, 23727, 13226, 9969, 8335, 7491], [16555, 7350, 4188, 2366, 1524, 1331, 1103, 839], [992, 1006, 1004, 1036, 1067, 1095, 932, 734], [753, 752, 738, 745, 761, 673, 739, 671], [185356, 94381, 51207, 28601, 17133, 13543, 11379, 10052]]
thread list: [1, 2, 4, 8, 16, 24, 32, 40]
time info list: [[2655, 1730, 1006, 558, 272, 271, 238, 204], [26275, 13995, 7244, 4387, 2762, 2472, 2073, 2209], [3271, 2140, 1256, 686, 356, 249, 209, 197], [1545, 1692, 1609, 1687, 1721, 1147, 974, 1111], [734, 783, 629, 769, 769, 631, 626, 710], [34484, 20345, 11749, 8093, 5882, 4772, 4123, 4433]]
thread list: [1, 2, 4, 8, 16, 24, 32, 40]
time info list: [[8377, 4542, 2667, 1829, 1017, 776, 731, 685], [62338, 31736, 16270, 8924, 5286, 4393, 4535, 4939], [13973, 7266, 3728, 2155, 1205, 1057, 1116, 1094], [4375, 4303, 4206, 3685, 4231, 3541, 4333, 4280], [2749, 2732, 2737, 2741, 2748, 2738, 2740, 3125], [91815, 50581, 29610, 19336, 14489, 12508, 13456, 14125]]
thread list: [1, 2, 4, 8, 16, 24, 32, 40]
time info list: [[17415, 7805, 4792, 3287, 2658, 2494, 1710, 2056], [2813298, 1409660, 744448, 393054, 218430, 168600, 130770, 117446], [129600, 65557, 36408, 19357, 12158, 11007, 8241, 7985], [945, 442, 935, 1003, 522, 819, 810, 900], [1100, 973, 1102, 1137, 971, 1115, 1014, 1245], [2962360, 1484439, 787690, 417839, 234741, 184037, 142547, 129635]]
thread list: [1, 2, 4, 8, 16, 24, 32, 40]
time info list: [[129931, 52277, 28604, 14981, 8928, 7065, 6021, 4967], [3602674, 1748684, 901120, 489896, 265880, 197572, 152678, 133181], [676785, 272627, 153828, 83917, 51357, 28773, 27147, 27079], [2655, 2281, 2304, 2250, 2285, 1887, 2151, 1902], [4076, 4102, 4056, 4081, 4414, 4472, 4240, 4361], [4416148, 2079982, 1089915, 595126, 332866, 239771, 192240, 171492]]
thread list: [1, 2, 4, 8, 16, 24, 32, 40]
time info list: [[3109, 1816, 1096, 640, 352, 264, 211, 217], [30622, 13301, 7159, 3883, 2381, 1847, 1492, 1317], [8391, 3452, 2019, 1316, 999, 725, 585, 529], [5484, 5491, 5339, 4973, 5380, 5422, 4991, 4931], [1261, 1255, 1264, 1266, 1255, 1265, 1266, 1253], [48870, 25318, 16878, 12082, 10370, 9526, 8547, 8249]]
