thread list: [1, 2, 4, 8, 16, 24, 32, 40]
time info list: [[77, 36, 18, 11, 9, 14, 10, 10], [331, 160, 87, 45, 30, 61, 71, 108], [123, 65, 32, 18, 11, 9, 8, 7], [57, 57, 52, 48, 45, 53, 45, 45], [45, 44, 36, 35, 37, 43, 37, 37], [635, 364, 227, 160, 133, 182, 173, 209]]
thread list: [1, 2, 4, 8, 16, 24, 32, 40]
time info list: [[779, 481, 237, 129, 73, 66, 50, 60], [6626, 3813, 2283, 1346, 907, 730, 591, 599], [1439, 849, 357, 229, 144, 151, 114, 132], [66, 64, 65, 62, 77, 70, 52, 64], [94, 82, 84, 83, 114, 93, 69, 74], [9006, 5291, 3029, 1852, 1317, 1112, 878, 931]]
thread list: [1, 2, 4, 8, 16, 24, 32, 40]
time info list: [[1503, 924, 516, 247, 165, 122, 107, 111], [18016, 9717, 5298, 3084, 2107, 1611, 1299, 1221], [3093, 1557, 887, 471, 290, 171, 232, 150], [713, 677, 705, 658, 803, 376, 654, 431], [404, 399, 406, 400, 426, 307, 408, 371], [23731, 13276, 7814, 4862, 3793, 2589, 2702, 2285]]
thread list: [1, 2, 4, 8, 16, 24, 32, 40]
time info list: [[3750, 2454, 1320, 880, 531, 326, 362, 317], [161280, 79316, 41962, 22718, 12631, 9988, 8509, 7231], [16501, 7606, 4078, 2444, 1522, 1227, 813, 927], [930, 1080, 1059, 970, 1057, 948, 587, 652], [743, 730, 754, 751, 805, 1016, 594, 627], [183205, 91190, 49175, 27764, 16548, 13507, 10869, 9756]]
thread list: [1, 2, 4, 8, 16, 24, 32, 40]
time info list: [[2728, 1642, 976, 561, 328, 252, 206, 194], [25529, 13549, 7348, 4215, 2927, 2299, 1900, 1791], [3286, 2084, 1222, 689, 419, 297, 253, 249], [1677, 1557, 1638, 1722, 1633, 1714, 972, 1009], [754, 744, 746, 765, 769, 787, 633, 634], [33977, 19578, 11931, 7955, 6079, 5352, 3967, 3879]]
thread list: [1, 2, 4, 8, 16, 24, 32, 40]
time info list: [[8416, 4433, 2607, 1550, 999, 909, 743, 724], [62804, 32174, 17421, 9935, 6560, 6352, 5394, 17167], [14063, 7679, 4414, 2414, 1656, 931, 928, 1508], [4361, 4374, 4253, 4299, 3568, 4063, 3944, 4324], [2742, 2742, 2741, 3074, 2844, 2748, 2742, 3128], [92388, 51404, 31438, 21275, 15628, 15006, 13753, 26854]]
thread list: [1, 2, 4, 8, 16, 24, 32, 40]
time info list: [[17420, 8141, 4635, 3321, 2148, 1714, 1604, 1649], [2670844, 1342299, 684949, 377744, 209769, 159254, 129201, 118153], [149719, 65191, 36339, 19278, 10508, 9195, 8592, 7845], [805, 959, 850, 930, 580, 489, 813, 560], [1210, 1074, 1097, 1099, 1191, 1028, 1017, 1219], [2840002, 1417667, 727872, 402375, 224198, 171683, 141229, 129427]]
thread list: [1, 2, 4, 8, 16, 24, 32, 40]
time info list: [[94690, 51892, 28763, 14744, 7252, 6421, 5172, 4617], [3300112, 1697725, 907392, 472934, 258949, 193434, 154929, 132803], [505722, 274799, 153025, 65818, 41999, 35944, 26779, 24353], [2072, 2294, 2265, 1996, 1887, 2349, 1883, 1707], [5120, 3964, 4225, 3502, 4156, 4177, 4134, 5382], [3907722, 2030680, 1095677, 558998, 314246, 242329, 192901, 168866]]
thread list: [1, 2, 4, 8, 16, 24, 32, 40]
time info list: [[3335, 1870, 1125, 613, 414, 267, 267, 228], [28883, 13076, 6864, 3647, 2331, 1784, 1452, 1162], [8464, 4047, 2245, 1176, 710, 679, 548, 573], [5589, 5560, 5314, 5491, 5569, 5616, 5233, 5218], [1308, 1304, 1295, 1300, 1289, 1297, 1312, 1281], [47581, 25859, 16845, 12229, 10315, 9646, 8815, 8464]]
